Set_Number	Site	Hooks	Set	Day	Month	Year	Soak_Time	Latitude	Longitude	Surface_Temp	Surface_Salinity	Surface_DO	Bottom_Temp	Bottom_Salinity	Bottom_DO	Depth
70	Redfish_Bay	50	2	1	8	2016	1.85	27.81435	-97.15278	29.7	34.6	5.44	29.4	34.7	5.52	2.325684
94	Redfish_Bay	50	1	29	9	2016	1.28333	27.81278	-97.14734	27.8	30.3	6.2	28.1	33	2.82	2.489624
110	Redfish_Bay	50	1	6	6	2017	1.3	27.81307	-97.15566	28.6	31.8	5.38	28.7	31.8	5.23	2.59375
78	Redfish_Bay	45	1	23	8	2016	1.75	27.81054	-97.14349	30.2	37	5.42	30.2	37.1	5.3	2.660889
27	Redfish_Bay	50	3	8	9	2015	1.55	27.81231	-97.16561	30.9	29.87	5.24	30.8	35.52	6.05	2.668213
127	Redfish_Bay	50	1	11	8	2017	1.5	27.81303	-97.15721	31	38.1	5.24	31	38.3	4.64	2.6895
155	Aransas_Bay	50	3	15	5	2018	2.11667	27.97404	-97.0521	27.7	29.1		27.6	29.1		2.857178
111	Redfish_Bay	50	2	6	6	2017	1.6	27.80909	-97.15731	28.7	32.9	5.4	28.6	33	4.93	2.875122
178	Redfish_Bay	50	2	18	9	2018	1.48333	27.80852	-97.14516	27.8	29.5	6.58	27.9	31.4	2.57	2.90918
26	Redfish_Bay	50	2	8	9	2015	2.05	27.80853	-97.16278	29.8	33.89	4.66	30.3	35.52	4.16	2.912476
25	Redfish_Bay	50	1	8	9	2015	2.13333	27.8053	-97.16201	30.1	33.87	4.89	30.3	34.61	4.92	2.922241
115	Redfish_Bay	50	2	8	6	2017	1.63333	27.79885	-97.13212	29.6	30.9	5.29	29.4	31.9	4.56	2.931519
112	Redfish_Bay	50	3	6	6	2017	1.78333	27.80917	-97.14044	29	31.6	5.82	28.9	31.8	5.29	2.978394
47	Redfish_Bay	50	1	16	6	2016	1.81667	27.80835	-97.14393	29.7	27	6.13	29.8	27	5.95	2.9825
31	Redfish_Bay	44	3	7	10	2015	1.66667	27.80916	-97.14102	28.2	31.1	7.05	27.5	31.42	7.03	2.986328
199	Redfish_Bay	50	4	4	10	2018	2.61667	27.80386	-97.1547	29.4	31	6.63	29.4	31.1	6.57	2.990798
177	Redfish_Bay	50	1	18	9	2018	1.46667	27.80966	-97.15294	27.9	30.2	6.45	28.1	30.6	4.72	3.002441
113	Redfish_Bay	50	4	6	6	2017	2.18333	27.79754	-97.13665	29	31.8	5.25	28.8	32.1	5.03	3.0176
197	Redfish_Bay	50	2	4	10	2018	2.33333	27.80364	-97.15598	28.9	30.7	5.72	28.7	31.6	5.52	3.026245
28	Redfish_Bay	50	4	8	9	2015	1.63333	27.77468	-97.14722	30.8	33.27	6.22	30.1	33.71	4.61	3.0528
196	Redfish_Bay	41	1	4	10	2018	1.63333	27.80635	-97.16852	28.7	30.8	5.88	28.7	31.6	5.3	3.054321
48	Redfish_Bay	50	2	16	6	2016	1.93333	27.80516	-97.15121	27.7	26.9	5.85	29.7	27.1	5.48	3.055908
130	Redfish_Bay	50	4	11	8	2017	1.88333	27.79167	-97.13754	31.1	39.4	5.66	30.8	39.5	4.74	3.068
114	Redfish_Bay	50	1	8	6	2017	1.48333	27.79737	-97.13511	29.6	30.7	5.51	29.2	31.7	4.85	3.068604
170	Redfish_Bay	50	2	23	8	2018	1.95	27.7992	-97.15614	30.1	39.1	5.1	30.1	39.1	4.87	3.0882
200	Redfish_Bay	50	1	6	11	2018	1.45	27.80536	-97.15347	23.5	25.6	7.54	23.3	27	6.56	3.100342
128	Redfish_Bay	50	2	11	8	2017	1.5	27.79934	-97.16193	31.1	38.2	4.91	31	38.5	3.82	3.11853
179	Redfish_Bay	50	3	18	9	2018	1.73333	27.80397	-97.14468	29.2	30.3	6.22	28.1	32.7	4.44	3.137817
33	Aransas_Bay	50	1	25	5	2016	1.96667	27.97862	-97.04624							3.158813
198	Redfish_Bay	50	3	4	10	2018	1.85	27.79726	-97.13878	29.4	31.5	6.1	29.2	31.7	5.93	3.168091
6	Redfish_Bay	50	2	29	7	2015	2.96667	27.79683	-97.155	31.5	28.43	6.36	29.9	30.55	5.25	3.170166
117	Redfish_Bay	35	4	8	6	2017	2.55	27.80339	-97.14656	30.3	29.8	6.26	29.5	32.1	5.98	3.190796
168	Redfish_Bay	50	2	21	8	2018	1.18333	27.80225	-97.15013	30	38.8	5	29.9	38.9	4.45	3.19751
99	Aransas_Bay	50	2	23	5	2017	1.88333	27.95992	-97.03986	27.1	26.4	5.96	27.1	26.5	5.76	3.203003
106	Aransas_Bay	50	1	22	6	2017	1.86667	27.96852	-97.01051	29.4	28	5.7	29.4	29.1	5.6	3.232056
188	Aransas_Bay	50	3	4	9	2018	1.71667	27.9638	-97.01482	29.9	39.7	5.25	29.9	39.7	5.22	3.236816
32	Redfish_Bay	53	4	7	10	2015	1.76667	27.80361	-97.14094	28.1	31.95	8.29	27.8	31.45	8.24	3.237427
30	Redfish_Bay	46	2	7	10	2015	1.81667	27.7937	-97.14074	27.8	31.08	1.58	27.3	32.04	1.55	3.237549
21	Aransas_Bay	50	1	22	9	2015	1.81667	27.98219	-97.04182	28.9	22.67	5.78	28.9	24.1	5.99	3.238403
64	Aransas_Bay	50	1	28	7	2016	2.01667	27.95803	-97.04818	30.1	31.1	5.54	30.1	31.3	5.35	3.250244
156	Aransas_Bay	50	4	15	5	2018	1.56667	27.99005	-97.0517	27.9	29.2		27.8	29.3		3.260254
125	Corpus_Christi_Bay	50	4	6	7	2017	1.95	27.86322	-97.32499	31.3	34.1	6.35	31.3	34.1	6.22	3.26355
77	Aransas_Bay	50	5	10	8	2016	1.7	27.9866	-97.05852							3.263672
120	Aransas_Bay	50	3	11	7	2017	1.63333	27.96339	-97.04762	30.8	31.6	5.48	30.7	31.6	5.32	3.265747
135	Redfish_Bay	50	1	13	9	2017	1.53333	27.80158	-97.1416	26.8	27.9	6	26.8	28	5.74	3.266479
86	Aransas_Bay	50	1	22	9	2016	1.73333	27.9555	-97.04559	29.9	24.5	5.49	30.6	27.2	5.31	3.281128
53	Redfish_Bay	50	3	28	6	2016	1.65	27.7956	-97.1339	32.2	28.7	6.42	30.7	29.7	5.78	3.2853
85	Corpus_Christi_Bay	50	4	12	9	2016	1.28333	27.8567	-97.3356	31.4	33.9	5.43	30.4	34	4.7	3.2902
69	Redfish_Bay	46	1	1	8	2016	1.53333	27.80029	-97.17298	29.9	34.3	5.36	29.9	34.3	5.39	3.319824
129	Redfish_Bay	50	3	11	8	2017	1.65	27.78926	-97.1337	31	39.6	5.44	30.8	39.6	5.09	3.320679
7	Redfish_Bay	50	3	29	7	2015	2.03333	27.79322	-97.16142	32.1	28.32	7.11	28.6	33.12	5.69	3.321777
8	Redfish_Bay	50	4	29	7	2015	2.35	27.79322	-97.16142	32.1	27.98	7.15	29.1	32.59	5.37	3.321777
180	Redfish_Bay	50	4	18	9	2018	2.03333	27.79362	-97.16212	29.2	30	6.38	28	31.9	4.56	3.324829
186	Aransas_Bay	50	1	4	9	2018	1.98333	27.97552	-97.04156	29.5	39.5	4.93	29.6	39.5	4.84	3.326538
71	Redfish_Bay	50	3	1	8	2016	1.81667	27.79401	-97.16116	30.4	34.4	5.64	30.1	34.8	4.43	3.343628
29	Redfish_Bay	50	1	7	10	2015	1.85	27.79737	-97.16953	27.8	31.61	5.17	27.4	32.47	4.93	3.358276
109	Aransas_Bay	50	4	22	6	2017	2.31667	27.96644	-97.04902	30.7	30.3	5.31	29.7	31.4	5.19	3.360474
95	Redfish_Bay	50	2	29	9	2016	1.65	27.79917	-97.16999	27.7	29.4	6.3	28	31.5	5.3	3.3693
154	Aransas_Bay	50	2	15	5	2018	1.96667	27.97646	-97.0138	27.3	29.2		27.3	29.5		3.380249
73	Aransas_Bay	50	1	10	8	2016	1.78333	27.95708	-97.04108	31	34.3	5.3	30.8	35.3	4.48	3.382202
89	Aransas_Bay	50	4	22	9	2016	1.76667	27.98987	-97.04852	31.1	21.1	5.96	30.7	27.1	4.31	3.384033
164	Aransas_Bay	50	4	17	7	2018	1.56667	27.96838	-97.0479	30	31.9	5.88	29.9	32.4	4.75	3.408936
143	Aransas_Bay	50	3	18	10	2017	1.65	27.95755	-97.0415	23.7	15	7.62	24	16.5	6.27	3.41626
185	Aransas_Bay	50	1	27	9	2018	1.1	27.9831	-97.05184	28.6	21.1	5.8	28.7	21.2	5.75	3.420898
46	Aransas_Bay	50	4	13	6	2016	2.6	27.95605	-97.03825	28.99	11					3.422485
107	Aransas_Bay	50	2	22	6	2017	2.1	27.97972	-97.01681	29.5	23.3	5.85	29.6	30.4	5.16	3.429077
43	Aransas_Bay	50	1	13	6	2016	1.8	27.98473	-97.03768	28.78	10					3.439331
23	Aransas_Bay	50	3	22	9	2015	1.45	27.96314	-97.01943	29.2	25.3	5.37	28.8	25.42	5.44	3.461548
161	Aransas_Bay	50	1	17	7	2018	1.45	27.99117	-97.0358	29.9	33.8	5.4	29.8	34	5.25	3.476074
119	Aransas_Bay	50	2	11	7	2017	1.78333	27.98267	-97.01538							3.478394
76	Aransas_Bay	50	4	10	8	2016	1.55	27.9803	-97.05579	31.5	34.7	5.79	31.4	34.8	5.89	3.4814
18	Aransas_Bay	50	1	25	8	2015	1.93333	27.98016	-97.05341	31.6	33.53	6.07	30.9	34.24	5.16	3.486572
195	Aransas_Bay	50	2	30	10	2018	1.43333	27.98214	-97.05147	22.2	14.3	9.49	22.1	14.4	8.9	3.497925
167	Redfish_Bay	50	1	21	8	2018	1.53333	27.79792	-97.14297	29.8	39.9	5.1	29.8	39	5.03	3.500122
146	Redfish_Bay	50	2	20	10	2017	1.8	27.79534	-97.1436	24.6	25.3	6.25	24.8	27.3	4.86	3.501465
44	Aransas_Bay	50	2	13	6	2016	1.8	27.97006	-97.02521	28.9	10					3.51416
142	Aransas_Bay	50	2	18	10	2017	2.43333	27.97211	-97.018	23.2	14.4	7.14	23.3	14.6	6.85	3.516235
34	Aransas_Bay	50	2	25	5	2016	2.5	27.96469	-97.03837							3.520291
35	Aransas_Bay	48	3	25	5	2016	2.68333	27.96469	-97.03837							3.520291
163	Aransas_Bay	50	3	17	7	2018	1.28333	27.96838	-97.0359	30.2	31.8	6.11	29.8	33	5.51	3.524536
108	Aransas_Bay	50	3	22	6	2017	1.73333	27.96667	-97.02408	30.8	30.8	5.54	29.8	31	5.3	3.53064
189	Aransas_Bay	50	4	4	9	2018	2.08333	27.9665	-97.02523	30	39.5	6	29.8	39.6	5.51	3.544556
66	Aransas_Bay	50	3	28	7	2016	1.66667	27.97183	-97.03397	30.6	29	6.36	30.4	30.3	6.32	3.565552
75	Aransas_Bay	50	3	10	8	2016	1.46667	27.97748	-97.02961	31.6	34.5	5.82	31.6	34.7	5.79	3.572021
101	Aransas_Bay	50	4	23	5	2017	1.55	27.97243	-97.04299	27.3	25.5	6.52	27.2	25.8	6.45	3.576416
22	Aransas_Bay	50	2	22	9	2015	2.18333	27.97739	-97.03429	29	24.16	6.4	28.6	24.92	5.26	3.57666
144	Aransas_Bay	50	4	18	10	2017	1.83333	27.97457	-97.0455	24	15.2	8.4	23.6	15.4	7.72	3.586914
79	Redfish_Bay	50	2	23	8	2016	1.86667	27.79485	-97.17117	30	32.8	5.41	30	37	5.16	3.588135
169	Redfish_Bay	50	1	23	8	2018	1.85	27.79912	-97.17615	30.2	39.4	4.4	30.2	39.4	4.39	3.590454
20	Aransas_Bay	50	4	25	8	2015	2.08333	27.95701	-97.0286	31.6	33.95	6.75	30.1	34.08	5.23	3.591431
65	Aransas_Bay	50	2	28	7	2016	2.35	27.96783	-97.03273	30.1	29.1	5.69	30.1	29.2	5.73	3.596313
98	Aransas_Bay	50	1	23	5	2017	1.23333	27.96405	-97.02581	27	25.4	6.22	27	25.7	6.12	3.599609
118	Aransas_Bay	50	1	11	7	2017	2.03333	27.95944	-97.03067	30.3	26.2	5.82	30.2	26.6	5.36	3.601562
37	Aransas_Bay	45	5	25	5	2016	1.68333	27.98217	-97.0191							3.602417
147	Redfish_Bay	50	3	20	10	2017	1.51667	27.78974	-97.1453	25.1	25.9	6.33	24.8	26.7	5.7	3.6149
24	Aransas_Bay	50	4	22	9	2015	1.66667	27.96923	-97.02332	29.3	24.95	3.31	28.7	25.49	3.35	3.619629
187	Aransas_Bay	50	2	4	9	2018	1.91667	27.98819	-97.02986	29.6	39.4	5.6	29.7	39.5	5.33	3.62
100	Aransas_Bay	50	3	23	5	2017	1.61667	27.96943	-97.0386	27.3	25.8	6.49	27.3	25.8	6.42	3.6274
68	Aransas_Bay	50	5	28	7	2016	1.5	27.98683	-97.03015	30.6	25.3	6.24	30.5	29.2	6.23	3.627686
145	Redfish_Bay	50	1	20	10	2017	1.65	27.78836	-97.1417	24.6	26	5.73	24.8	27.1	5	3.6521
16	Corpus_Christi_Bay	50	4	24	8	2015	2	27.85612	-97.33018	32	31.18	6.66	30.3	31.89	3.55	3.652344
1	Aransas_Bay	50	1	28	7	2015	2.61667	27.98153	-97.0307	31.5	31	8.9	31.6	30.08	8	3.670654
2	Aransas_Bay	50	2	28	7	2015	1.88333	27.98153	-97.0307	32	29.73	5.77	31.9	29.77	5.71	3.670654
162	Aransas_Bay	50	2	17	7	2018	1.36667	27.9864	-97.0281	29.8	32.3	5.34	29.8	32.4	5.06	3.6746
153	Aransas_Bay	50	1	15	5	2018	1.83333	27.99036	-97.0199	27.4	29.6		27.4	29.7		3.68335
19	Aransas_Bay	50	3	25	8	2015	2.03333	27.9761	-97.02409	32.4	31.8	6.75	30.4	34.01	6.5	3.688232
136	Redfish_Bay	50	2	13	9	2017	1.76667	27.78793	-97.1433	26.8	28	6.42	27	28.6	6.09	3.688721
88	Aransas_Bay	50	3	22	9	2016	1.43333	27.97849	-97.03864	31	21.6	6.14	30.5	26.9	4.61	3.710938
171	Redfish_Bay	50	3	23	8	2018	1.6	27.78246	-97.14973	30.9	39.3	4.9	30.4	39.2	4.8	3.7127
87	Aransas_Bay	50	2	22	9	2016	2	27.97496	-97.02675	30.3	22.2	5.35	30.7	26.9	4.68	3.716675
116	Redfish_Bay	50	3	8	6	2017	2.45	27.78776	-97.1439	30.5	31.2	5.95	29.5	32.4	4.46	3.7192
36	Aransas_Bay	40	4	25	5	2016	1.65	27.98669	-97.01949							3.719202
74	Aransas_Bay	50	2	10	8	2016	2	27.97649	-97.02187	31.2	34.7	5.2	31.1	34.8	5.07	3.720459
67	Aransas_Bay	50	4	28	7	2016	1.5	27.98272	-97.02885	30.6	29	6.39	30.5	29.2	6.06	3.730469
121	Aransas_Bay	50	4	11	7	2017	1.9	27.98014	-97.03916	30.7	27.2	6.24	30.6	27.4	6.12	3.739136
17	Aransas_Bay	50	2	25	8	2015	2.15	27.98761	-97.02189	31.5	30.95	6.29	30.5	33.89	5.99	3.745605
137	Redfish_Bay	50	3	13	9	2017	1.88333	27.7827	-97.1501	26.7	28.4	6.64	26.7	28.4	6.64	3.755737
3	Aransas_Bay	46	3	28	7	2015	1.68333	27.98037	-97.03275	32.4	29.47	6.1	32.2	29.25	5.9	3.772339
4	Aransas_Bay	50	4	28	7	2015	1.96667	27.98037	-97.03275	32.4	29.37	5.96	32	29.24	4.93	3.772339
5	Redfish_Bay	50	1	29	7	2015	2.41667	27.79033	-97.15462	31.6	28.37	5.73	30.1	30.3	4.96	3.772461
45	Aransas_Bay	50	3	13	6	2016	2.01667	27.98615	-97.01861	29.19	10					3.785898
97	Redfish_Bay	50	4	29	9	2016	2.83333	27.78143	-97.15459	28.1	30.6	6.63	27.6	31	6.72	3.79
148	Redfish_Bay	50	4	20	10	2017	1.73333	27.79226	-97.1525	25	25.9	6.66	24.8	27.6	5.15	3.790015
152	Corpus_Christi_Bay	50	4	25	10	2017	1.86667	27.8566	-97.3294	23.4	27.3	6.5	23.4	27.4	6.19	3.828613
81	Redfish_Bay	50	4	23	8	2016	2.08333	27.78176	-97.15207	30.3	36.2	5.49	30.2	36.3	5.6	3.829102
194	Aransas_Bay	50	1	30	10	2018	1.61667	27.97639	-97.05046	22	14.5	9.06	21.9	14.6	8.7	3.843262
38	Corpus_Christi_Bay	50	1	10	6	2016	1.6	27.85312	-97.33254	27.68	25					3.884644
126	Corpus_Christi_Bay	50	5	6	7	2017	2.56667	27.85549	-97.32772	31.3	33.7	5.89	31	34.1	3.98	3.887695
184	Corpus_Christi_Bay	50	4	25	9	2018	1.41667	27.85219	-97.33584	29.3	30.2	6.55	29.2	30.3	5.87	3.88997
93	Corpus_Christi_Bay	50	4	27	9	2016	2.01667	27.85162	-97.33597	28.1	30.9	5.3	28.2	31.1	5.4	3.89209
49	Redfish_Bay	50	3	16	6	2016	2.08333	27.77914	-97.15991	30.3	27.1	6.12	30.3	27.2	5.9	3.907227
39	Corpus_Christi_Bay	50	2	10	6	2016	2.28333	27.85508	-97.32858	27.8	25					3.923462
141	Aransas_Bay	50	1	18	10	2017	1.85	27.99323	-97.0243	23.5	14.8	7.37	23.6	14.9	7.2	3.936646
150	Corpus_Christi_Bay	50	2	25	10	2017	1.86667	27.86514	-97.3109	23.5	27	6.49	23.9	27.1	6.32	3.970337
9	Corpus_Christi_Bay	50	1	30	7	2015	2.18333	27.86986	-97.29782	31.6	22.8	5.73	31.3	27.63	4.2	3.985229
72	Redfish_Bay	50	4	1	8	2016	2.13333	27.78665	-97.15786	30.2	34.4	5.7	30.1	34.4	5.54	3.996948
183	Corpus_Christi_Bay	50	3	25	9	2018	1.6	27.85005	-97.3279	29.2	29.9	5.35	29.1	30.6	5.32	4.022461
80	Redfish_Bay	50	3	23	8	2016	1.8	27.78217	-97.16585	30.5	36.4	5.97	30.3	36.4	5.84	4.07312
54	Redfish_Bay	50	4	28	6	2016	1.81667	27.7818	-97.166	32.3	28.6	6.5	30.2	29.5	5.1	4.080078
181	Corpus_Christi_Bay	50	1	25	9	2018	1.48333	27.84641	-97.33316	29	30.5	5.24	29	30.5	5.18	4.147461
173	Corpus_Christi_Bay	50	1	30	8	2018	1.53333	27.86109	-97.31029	30.2	38.9	5.25	30.1	39	5.04	4.1519
151	Corpus_Christi_Bay	50	3	25	10	2017	1.61667	27.84243	-97.3295	23.6	27.3	6.42	23.5	27.3	6.3	4.154297
51	Redfish_Bay	50	1	28	6	2016	1.85	27.7817	-97.1656	30.3	29.5	5.94	30	29.8	4.58	4.1576
140	Corpus_Christi_Bay	50	2	20	9	2017	2.11667	27.84033	-97.3086	29.2	30.6	5.66	29.2	30.6	5.57	4.188721
172	Redfish_Bay	50	4	23	8	2018	2.08333	27.78044	-97.16286	30.9	38.7	5.2	30.7	39.4	4.96	4.209717
14	Corpus_Christi_Bay	50	2	24	8	2015	1.98333	27.85777	-97.32034	31.5	32.08	5.68	30.1	42.42	5.41	4.21167
132	Corpus_Christi_Bay	50	2	21	8	2017	3.13333	27.84791	-97.32703	30.6	38.4	5.16	30.5	38.4	5.2	4.214478
182	Corpus_Christi_Bay	50	2	25	9	2018	1.63333	27.84742	-97.32894	29	30.8	5.71	29	30.8	5.44	4.219849
50	Redfish_Bay	50	4	16	6	2016	2.43333	27.78227	-97.16711	30.3	27.2	6.11	30.3	27.2	6.04	4.251709
138	Redfish_Bay	50	4	13	9	2017	2.4	27.78365	-97.1644	27.1	28.7	6.6	26.6	29.2	5.96	4.2599
175	Corpus_Christi_Bay	50	3	30	8	2018	1.85	27.84438	-97.30252	30.6	39	5.08	30	39	4.71	4.262207
158	Corpus_Christi_Bay	50	2	8	5	2018	1.76667	27.84495	-97.3045	25.8	30.5		25.8	30.7		4.271851
133	Corpus_Christi_Bay	50	3	21	8	2017	3.05	27.85441	-97.30847	30.9	38.5	5.52	30.8	38.5	5.4	4.287109
83	Corpus_Christi_Bay	50	2	12	9	2016	1.98333	27.84245	-97.301	29.9	32.7	5.29	29.9	34	4.88	4.288574
91	Corpus_Christi_Bay	50	2	27	9	2016	2.06667	27.83778	-97.30435	28.1	30.6	5.31	28.2	30.8	5.21	4.289795
96	Redfish_Bay	50	3	29	9	2016	2.2	27.78317	-97.16705	28.2	30.5	6.73	27.9	31.4	6.64	4.292725
57	Corpus_Christi_Bay	50	3	30	6	2016	1.58333	27.8452	-97.3258	31.1	26.7	5.68	30.3	27.1	5.22	4.295166
134	Corpus_Christi_Bay	50	4	21	8	2017	1.8	27.85631	-97.31539	31	38.2	5.91	31	38.5	5.6	4.30835
157	Corpus_Christi_Bay	50	1	8	5	2018	1.68333	27.84089	-97.3156	25.6	30.8		25.7	30.9		4.320923
58	Corpus_Christi_Bay	50	4	30	6	2016	1.85	27.8439	-97.3239	31.2	26.6	5.77	30.3	27	5.13	4.324899
63	Corpus_Christi_Bay	50	5	21	7	2016	1.86667	27.84278	-97.29888	31.8	29.5	6.15	30.8	30.2	5.71	4.3324
60	Corpus_Christi_Bay	50	2	21	7	2016	2.25	27.837	-97.31293	30.7	30.5	5.5	30.8	30.7	5.5	4.333618
11	Corpus_Christi_Bay	50	3	30	7	2015	1.71667	27.83882	-97.31215	32.8	23.66	6.63	30.7	27.73	5.54	4.340332
52	Redfish_Bay	50	2	28	6	2016	1.85	27.7798	-97.1635	30.5	29.2	5.67	30.3	29.4	5.26	4.346924
84	Corpus_Christi_Bay	50	3	12	9	2016	1.31667	27.84024	-97.3301	31.6	34.2	5.42	30.3	34.2	5.02	4.34729
55	Corpus_Christi_Bay	50	1	30	6	2016	1.6	27.846	-97.3252	30.4	27.6	5.66	30.5	27.9	5.58	4.368042
174	Corpus_Christi_Bay	50	2	30	8	2018	1.91667	27.85311	-97.30609	30	38.2	5	30	38.8	4.78	4.369995
15	Corpus_Christi_Bay	50	3	24	8	2015	1.86667	27.85493	-97.31528	31.8	31.42	6.33	30.1	32.32	5.42	4.371582
10	Corpus_Christi_Bay	48	2	30	7	2015	2.08333	27.8557	-97.3086	31.7	23.7	6.02	31.1	27.87	4.77	4.371704
166	Corpus_Christi_Bay	50	2	3	7	2018	5.46667	27.83637	-97.3035	29.4	30		29.4	31.1		4.379883
42	Corpus_Christi_Bay	50	5	10	6	2016	2.43333	27.8372	-97.31038	29.95	26					4.383545
160	Corpus_Christi_Bay	50	4	8	5	2018	1.41667	27.85265	-97.3144	26.6	28.6		26.4	30.8		4.384033
192	Corpus_Christi_Bay	50	3	2	10	2018	1.11667	27.84957	-97.30615	28.8	31	5.85	28.4	31.1	5.73	4.386841
40	Corpus_Christi_Bay	50	3	10	6	2016	2.05	27.82847	-97.3095	29.73	24					4.389404
41	Corpus_Christi_Bay	50	4	10	6	2016	2.05	27.82847	-97.3095	29.45	25					4.389404
59	Corpus_Christi_Bay	42	1	21	7	2016	2.01667	27.85662	-97.31452	30.5	32.1	5.4	30.6	32.2	5.5	4.39
149	Corpus_Christi_Bay	50	1	25	10	2017	1.78333	27.8602	-97.302	23.5	27	6.58	23.5	27.1	6.29	4.390503
92	Corpus_Christi_Bay	50	3	27	9	2016	1.76667	27.84465	-97.32932	28.2	31.2	5.6	28.2	31.4	5.6	4.393677
165	Corpus_Christi_Bay	50	1	3	7	2018	2.01667	27.83256	-97.3038	29.5	24		29.5	32.4		4.399414
105	Corpus_Christi_Bay	50	4	5	5	2017	2.73333	27.847	-97.29802	25.5	33.7	6.88	24.8	33.8	6.63	4.410889
193	Corpus_Christi_Bay	50	4	2	10	2018	1.46667	27.85349	-97.3123	28.8	30.6	6.59	28.4	30.8	6.09	4.432007
103	Corpus_Christi_Bay	50	2	5	5	2017	2.95	27.83279	-97.3015	24.5	32	6.7	24.3	32.3	6.27	4.433228
176	Corpus_Christi_Bay	50	4	30	8	2018	1.86667	27.83357	-97.32948	30.6	38.9	5.5	30.2	38.9	5.21	4.4402
123	Corpus_Christi_Bay	50	2	6	7	2017	2.11667	27.84285	-97.32407	30.6	33.6	6.41	29.9	33.9	5.26	4.479248
124	Corpus_Christi_Bay	50	3	6	7	2017	2.46667	27.84285	-97.32407	30.5	34	6.31	30.2	34	6.03	4.479248
191	Corpus_Christi_Bay	50	2	2	10	2018	2.2	27.84835	-97.30227	28.3	30.2	5.66	28.1	30.6	5.35	4.486206
13	Corpus_Christi_Bay	50	1	24	8	2015	1.75	27.8364	-97.29863	30.7	31.97	6	30	32.33	4.81	4.4925
102	Corpus_Christi_Bay	50	1	5	5	2017	2.65	27.83208	-97.29956	24.6	32.5	6.4	24.5	32.6	5.9	4.492554
62	Corpus_Christi_Bay	50	4	21	7	2016	1.51667	27.8398	-97.29565	31.4	29.9	6.08	30.8	30.5	5.62	4.493042
139	Corpus_Christi_Bay	50	1	20	9	2017	1.78333	27.83905	-97.3185	29.2	30.6	5.3	29.1	30.9	5.27	4.50293
159	Corpus_Christi_Bay	50	3	8	5	2018	1.5	27.85337	-97.3	26.2	30.8		26.1	30.9		4.5239
104	Corpus_Christi_Bay	50	3	5	5	2017	2.06667	27.85126	-97.30061	25.4	33.7	6.55	24.9	33.7	6.37	4.539307
61	Corpus_Christi_Bay	50	3	21	7	2016	1.16667	27.83103	-97.32847	31.7	29.8	5.81	30.8	30.4	6.12	4.542725
122	Corpus_Christi_Bay	7	1	6	7	2017	1.31667	27.8338	-97.32026							4.560181
12	Corpus_Christi_Bay	50	4	30	7	2015	1.9	27.82498	-97.32673	32.8	24.74	6.63	31.2	27.56	5.4	4.5896
82	Corpus_Christi_Bay	50	1	12	9	2016	1.55	27.82984	-97.3281	30.2	34.3	5.18	30.2	34.4	5.25	4.607788
56	Corpus_Christi_Bay	48	2	30	6	2016	1.73333	27.8245	-97.3156	30.2	27.5	5.81	30.7	28.4	5.33	4.639404
90	Corpus_Christi_Bay	50	1	27	9	2016	1.46667	27.82629	-97.32692	28.2	31.1	5.21	28.2	31.4	5.13	4.653687
131	Corpus_Christi_Bay	50	1	21	8	2017	2.08333	27.82208	-97.32663	30.7	38.3	4.99	30.6	38.5	4.9	4.654663
190	Corpus_Christi_Bay	50	1	2	10	2018	1.86667	27.83275	-97.3188	28.2	30.9	5.95	28	31	5.47	4.735596
